12x12:4
0000111
0100111
0200111
0300111
0400111
0500111
0600111
0700111
0800111
0900111
1000111
1100111
0001111
0101100
0201100
0301111
0401111
0501111
0601111
0701111
0801111
0901100
1001100
1101111
0002111
0102100
0202100
0302111
0402111
0502111
0602111
0702111
0802111
0902100
1002100
1102111
0003111
0103100
0203100
0303111
0403111
0503100
0603100
0703111
0803111
0903100
1003100
1103111
0004111
0104100
0204100
0304111
0404111
0504100
0604100
0704111
0804111
0904100
1004100
1104111
0005111
0105111
0205111
0305100
0405100
0505100
0605100
0705100
0805100
0905111
1005111
1105111
0006111
0106111
0206111
0306100
0406100
0506100
0606100
0706100
0806100
0906111
1006111
1106111
0007111
0107100
0207100
0307111
0407111
0507100
0607100
0707111
0807111
0907100
1007100
1107111
0008111
0108100
0208100
0308111
0408111
0508100
0608100
0708111
0808111
0908100
1008100
1108111
0009111
0109111
0209111
0309111
0409111
0509100
0609100
0709111
0809111
0909111
1009111
1109111
0010111
0110111
0210111
0310111
0410111
0510100
0610100
0710111
0810111
0910111
1010111
1110111
0011111
0111111
0211111
0311111
0411111
0511111
0611111
0711111
0811111
0911111
1011111
1111111